Membership matrix:
Data[0]: 0.208484 0.300708 0.191394 0.299414 
Data[1]: 0.277192 0.226062 0.258134 0.238612 
Data[2]: 0.234237 0.270716 0.239369 0.255679 
Data[3]: 0.205145 0.308551 0.205076 0.281227 
Data[4]: 0.282589 0.186103 0.262426 0.268882 
Data[5]: 0.266512 0.212416 0.280803 0.240270 
Data[6]: 0.230591 0.260880 0.232650 0.275880 
Data[7]: 0.275306 0.204932 0.303684 0.216078 
Data[8]: 0.240963 0.277436 0.227235 0.254366 
Data[9]: 0.297737 0.188802 0.300670 0.212792 
Data[10]: 0.281643 0.202570 0.275042 0.240744 
Data[11]: 0.242092 0.258586 0.295852 0.203471 
Data[12]: 0.257740 0.243107 0.251761 0.247392 
Data[13]: 0.304112 0.188347 0.292756 0.214785 
Data[14]: 0.291673 0.199525 0.274380 0.234422 
Data[15]: 0.147098 0.449702 0.139067 0.264133 
Data[16]: 0.254529 0.212032 0.237321 0.296119 
Data[17]: 0.239762 0.237812 0.260764 0.261662 
Data[18]: 0.321134 0.156908 0.309060 0.212898 
Data[19]: 0.274274 0.207143 0.273012 0.245571 
Data[20]: 0.188793 0.329375 0.181653 0.300179 
Data[21]: 0.211411 0.304839 0.219277 0.264473 
Data[22]: 0.200977 0.361953 0.209952 0.227118 
Data[23]: 0.144279 0.498199 0.139561 0.217960 
Data[24]: 0.215336 0.286870 0.201882 0.295911 
Data[25]: 0.242535 0.256674 0.223818 0.276973 
Data[26]: 0.317336 0.157721 0.331020 0.193922 
Data[27]: 0.178610 0.394409 0.187236 0.239746 
Data[28]: 0.250887 0.210059 0.244402 0.294652 
Data[29]: 0.253481 0.263173 0.252020 0.231326 
Data[30]: 0.179834 0.416513 0.187002 0.216651 
Data[31]: 0.232200 0.309113 0.246463 0.212224 
Data[32]: 0.274461 0.211964 0.302671 0.210904 
Data[33]: 0.281527 0.195275 0.264417 0.258781 
Data[34]: 0.298362 0.176992 0.312063 0.212584 
Data[35]: 0.234279 0.285453 0.221257 0.259010 
Data[36]: 0.305530 0.156804 0.349822 0.187844 
Data[37]: 0.216057 0.337200 0.216269 0.230474 
Data[38]: 0.231063 0.260612 0.215275 0.293049 
Data[39]: 0.200341 0.358185 0.192769 0.248705 
Data[40]: 0.294148 0.181514 0.309511 0.214827 
Data[41]: 0.227445 0.272103 0.232912 0.267540 
Data[42]: 0.338346 0.132556 0.325372 0.203726 
Data[43]: 0.212913 0.311913 0.206398 0.268775 
Data[44]: 0.300745 0.177648 0.338949 0.182658 
Data[45]: 0.204776 0.238787 0.178188 0.378249 
Data[46]: 0.219509 0.308820 0.220414 0.251258 
Data[47]: 0.289361 0.171475 0.310891 0.228273 
Data[48]: 0.244343 0.297626 0.260845 0.197186 
Data[49]: 0.233518 0.225268 0.252826 0.288388 
Data[50]: 0.190767 0.338955 0.191614 0.278663 
Data[51]: 0.309319 0.182382 0.279203 0.229096 
Data[52]: 0.281362 0.206648 0.302772 0.209217 
Data[53]: 0.259607 0.227511 0.253481 0.259402 
Data[54]: 0.270107 0.182262 0.240436 0.307195 
Data[55]: 0.296487 0.189186 0.301326 0.213000 
Data[56]: 0.223026 0.306198 0.240054 0.230722 
Data[57]: 0.189559 0.323486 0.173270 0.313685 
Data[58]: 0.264045 0.215811 0.272718 0.247426 
Data[59]: 0.221376 0.251758 0.196250 0.330616 
Data[60]: 0.260766 0.260155 0.278172 0.200907 
Data[61]: 0.297293 0.187050 0.321869 0.193788 
Data[62]: 0.209113 0.324672 0.216793 0.249421 
Data[63]: 0.204972 0.336738 0.214764 0.243526 
Data[64]: 0.271432 0.223114 0.317137 0.188317 
Data[65]: 0.246439 0.266340 0.246616 0.240606 
Data[66]: 0.302163 0.166893 0.306993 0.223952 
Data[67]: 0.208455 0.293683 0.207265 0.290598 
Data[68]: 0.355969 0.112314 0.338270 0.193448 
Data[69]: 0.282824 0.176348 0.267218 0.273610 
Data[70]: 0.158924 0.423576 0.159513 0.257987 
Data[71]: 0.221209 0.264176 0.226922 0.287692 
Data[72]: 0.348904 0.105868 0.385811 0.159417 
Data[73]: 0.237684 0.278190 0.227456 0.256671 
Data[74]: 0.286257 0.191472 0.299632 0.222638 
Data[75]: 0.226735 0.315421 0.243787 0.214058 
Data[76]: 0.290561 0.217881 0.270075 0.221484 
Data[77]: 0.260030 0.227591 0.259672 0.252707 
Data[78]: 0.273422 0.225760 0.255172 0.245645 
Data[79]: 0.219833 0.288001 0.235122 0.257045 
Data[80]: 0.187422 0.348016 0.179842 0.284720 
Data[81]: 0.213087 0.266413 0.207520 0.312980 
Data[82]: 0.276313 0.196530 0.304523 0.222633 
Data[83]: 0.181655 0.358426 0.170536 0.289383 
Data[84]: 0.276661 0.191053 0.244732 0.287554 
Data[85]: 0.296494 0.171106 0.272723 0.259677 
Data[86]: 0.306632 0.173875 0.279063 0.240430 
Data[87]: 0.170033 0.404968 0.164787 0.260212 
Data[88]: 0.252574 0.213181 0.314635 0.219610 
Data[89]: 0.222871 0.305923 0.208859 0.262347 
Data[90]: 0.255937 0.215517 0.278228 0.250318 
Data[91]: 0.291361 0.194299 0.285158 0.229182 
Data[92]: 0.245517 0.252049 0.251433 0.251001 
Data[93]: 0.198071 0.343152 0.193097 0.265680 
Data[94]: 0.174380 0.331806 0.174073 0.319742 
Data[95]: 0.245068 0.269249 0.254393 0.231289 
Data[96]: 0.239388 0.273028 0.267394 0.220190 
Data[97]: 0.212067 0.316408 0.208312 0.263213 
Data[98]: 0.270194 0.200435 0.245940 0.283432 
Data[99]: 0.209180 0.316884 0.198802 0.275135 
